1737
655
1465
1809
1721
1960
1732
1720
1716
1940
1724
1723
1919
1727
1725
5441
1723
1716
1934
1719
1725
1909
1718
1720
1925
1720
1717
1903
1721
1717
1920
1720
1715
1905
1721
1718
1917
1723
1716
7459
1730
1724
1907
1716
1717
1902
1728
1715
1899
1721
1716
1898
1717
1725
1906
1725
1718
1899
1720
1716
1903
1720
1715
1901
1829
1722
1915
1718
1716
1903
1678
1610
2366
1650
1612
1866
1661
1659
1762
1669
1593
1662
1858
1720
1629
1893
1654
1759
1844
1673
1649
7002
1636
1640
1883
1726
1636
1852
1670
1635
1941
1691
1667
1847
1740
1631
1844
1690
1707
1919
1666
1642
1925
1648
1671
1850
1760
1631
1832
1651
1744
1846
1668
1642
1922
1661
1722
1826
1740
1628
1858
1647
1722
1866
1690
1657
1910
1652
1677
1812
1736
1631
1821
1689
1737
1800
1721
1652
1915
1671
1667
1797
1747
1630
1814
1685
1741
1665
4419
1721
1696
1842
1701
1735
1823
1671
1703
1881
1674
1714
1870
1695
1632
1855
1668
1740
1835
1672
1727
1874
1636
1666
1849
1689
1633
1854
1730
1674
1815
1672
1700
1902
1683
1667
1850
1679
1631
1872
1702
1723
1816
1660
1725
1867
1636
1666
1861
1692
1628
1830
1745
1675
1790
1666
1722
1845
1661
1670
1857
1711
1667
1817
1764
1675
1774
1682
1704
1837
1677
1669
1701
1866
1634
1669
1891
1699
1635
1832
1697
1708
1819
1672
1700
1862
1636
1671
1861
1732
1629
1894
1668
1731
1853
1670
1702
1877
1635
1666
1853
1707
1631
1848
1709
1700
1819
1667
1703
1891
1633
1667
1838
1690
1629
1872
1692
1695
1812
1673
1706
1873
1647
1669
1853
1699
1631
1833
1727
1697
1796
1677
1702
1847
1674
1667
1842
1709
1632
1811
1737
1700
1768
1687
1690
1846
1678
1675
1676
1890
1634
1678
1873
1710
1631
1821
1678
1725
1840
1700
1679
1877
1636
1685
1900
1716
1632
1831
1669
1734
1821
1667
1681
1944
1633
1666
1838
1782
1672
1852
1635
1733
1833
1666
1741
1905
1637
561
1786
590
1764
1835
1684
1665
1917
1687
1709
1823
1755
1645
1848
1697
1728
1802
1709
1675
1889
1675
1721
1849
1724
1646
1853
1745
1725
1789
1707
1695
1874
1690
1683
1696
1888
1646
1683
1884
1722
1650
1835
1735
1812
1926
1791
1823
1935
1757
1806
1992
1765
1776
1939
1840
1708
1897
1745
1823
1900
1749
1769
1949
1713
1749
1935
1754
1711
1931
1825
1768
1905
1713
1774
1984
1747
1726
1982
1715
1749
1893
1832
1708
1922
1798
1777
1879
1775
1791
1936
1747
1728
1954
1753
1729
1867
1838
1731
1890
1756
1805
1895
1793
1737
1963
1754
1748
1928
1801
1707
1750
1988
1758
1707
1957
1784
1786
1934
1712
1816
2011
1791
1733
1989
1712
1750
1950
1815
1707
1958
1749
1791
1948
1774
1806
1939
1773
1712
1986
1730
1754
1918
1820
1708
1912
1774
1825
1895
1741
1774
2005
1717
1769
1970
1817
1730
1913
1822
1733
1907
1745
1837
1902
1791
1758
1998
1788
1765
1957
1801
1724
1925
1823
1766
1910
1776
1815
1915
1805
1745
2024
1780
1763
1760
1988
1725
1775
2026
1771
1776
1969
1825
1826
1958
1724
1820
1951
1771
1842
1997
1727
1773
1951
1784
1727
1961
1759
1867
1975
1726
1842
1938
1768
1746
1998
1721
1826
1933
1815
1725
1963
1851
1841
1930
1777
1861
1953
1784
1759
2057
1745
1785
1939
1833
1753
1953
1845
1803
1935
1775
1868
2003
1854
1782
2016
1792
1789
1954
1827
1766
1996
1854
1797
1947
1820
1839
1959
1831
1787
1869
1945
1791
1832
1986
1762
1789
1990
1803
1887
1956
1871
1753
1949
1800
1846
1940
1801
1980
1996
1782
1769
2019
1785
1810
2013
1867
1764
1979
1778
1868
1992
1775
1854
1981
1878
1797
2053
1754
1786
2003
1822
1750
1968
1890
1814
1927
1770
1902
1946
1809
1787
2031
1813
1793
1970
1870
1788
1943
1890
1778
1995
1834
1842
1941
1839
1803
2003
1824
1802
1975
1803
1769
1757
2020
1769
1780
1955
1874
1797
1942
1818
1815
1965
1793
1843
1964
1787
1754
2001
1770
1783
1964
1864
1755
1945
1806
1829
1936
1794
1838
1981
1778
1757
2023
1777
1782
1973
1870
1754
1974
1762
1870
1938
1793
1831
2033
1783
1760
2014
1855
1787
1943
1858
1743
1960
1842
1855
1926
1776
1876
1945
1808
1763
2050
1792
1800
1959
1862
1785
1964
1914
1856
2017
1815
1878
1816
2008
1834
1848
1968
1834
1910
2016
1834
1787
2052
1800
1822
2018
1881
1794
1998
1864
1863
2017
1803
1906
1998
1844
1821
2034
1802
1827
2005
1834
1811
1995
1908
1800
1974
1825
1881
1972
1826
1861
2032
1819
1791
2060
1817
1822
1988
1877
1776
2008
1892
1881
1950
1805
1915
1977
1840
1840
2070
1808
1818
2014
1842
1805
1947
1919
1800
1972
1856
1897
1937
1840
1850
1975
1846
1804
1890
2004
1817
1814
2022
1789
1815
2048
1840
1786
2019
1891
1846
2030
1804
1912
1989
1828
1849
1999
1780
1822
2011
1815
1825
1988
1897
1818
1980
1829
1887
1970
1858
1878
2016
1823
1804
2059
1784
1833
2009
1867
1790
2001
1875
1827
1984
1852
1912
1960
1833
1853
2098
1832
1820
2052
1804
1841
2037
1897
1787
1967
1898
1855
1942
1828
1900
1970
1867
1801
2045
1836
1822
1860
2008
1830
1813
2046
1818
1841
2013
1892
1778
1992
1905
1861
2003
1814
1884
2007
1830
1813
2076
1810
1841
2031
1864
1804
2039
1916
1832
2050
1841
1909
1997
1862
1942
2045
1854
1853
2109
1830
1844
2030
1885
1798
2035
1939
1832
2022
1829
1931
1990
1867
1883
2086
1903
1811
2126
1835
1841
2029
1933
1806
2034
1948
1837
2009
1850
1899
2010
1876
1882
2008
1887
1831
2067
1876
1847
1840
2060
1853
1854
2074
1858
1866
2014
1930
1850
2000
1924
1876
2020
1827
1920
2041
1844
1857
2090
1817
1858
2050
1896
1879
2015
1958
1842
2046
1845
1942
2064
1896
1931
2047
1966
1925
2103
1815
1874
2078
1842
1861
2030
1921
1818
2040
1913
1882
2032
1830
1952
2003
1868
1861
2088
1839
1895
2081
1841
1854
2067
1915
1829
2008
1976
1861
2001
1887
1912
2009
1885
1867
1884
2005
1855
1893
2050
1902
1837
2118
1820
1897
2101
1866
1832
2099
1936
1818
2031
1899
1908
2022
1846
1921
2048
1853
1830
2104
1851
1882
2047
1854
1822
2022
1925
1823
2038
1837
1911
2004
1846
1911
2041
1849
1828
2105
1807
1851
2043
1917
1828
2047
1934
1881
2036
1844
1939
2022
1846
1929
2022
1903
1854
2110
1853
1861
2055
1909
1853
1999
1957
1834
2011
1899
1958
1986
1882
1930
1950
2058
1871
1931
2016
1874
1932
2033
1892
1882
2104
1844
1874
2097
1932
1934
2037
1937
1844
2042
1873
1920
2011
1867
1995
2064
1870
1861
2086
1837
1918
2053
1873
1863
2046
1955
1839
2055
1835
1945
2004
1902
1919
2033
1865
1882
2095
1825
1900
2091
1954
1869
1997
1926
1813
2027
1935
1868
1990
1852
1950
2032
1897
1890
2046
1868
1855
2081
1856
1859
1992
1935
1831
1870
2114
1884
1852
2037
1923
1883
2034
1908
1936
2067
1854
1962
2041
1871
1862
2104
1835
1864
2065
1880
1863
2022
1945
1836
2038
1881
1912
2038
1851
1946
2041
1884
1877
2079
1833
1871
2069
1885
1856
2031
1953
1829
2054
1926
1899
2045
1830
1986
2096
1906
1898
2111
1869
1839
2145
1855
1876
2031
1946
1827
2025
1985
1852
2020
1904
1918
2023
1888
1902
2069
1924
1831
2126
1910
1904
1924
2083
1875
1894
2131
1844
1908
2109
1921
1849
2085
1919
1923
2053
1917
1928
2049
1885
1953
2082
1896
1910
2137
1858
1897
2074
1893
1894
2070
1955
1862
2092
1880
2021
2054
1872
1977
2045
1893
1938
2111
1880
1857
2153
1908
1890
2068
1951
1891
2043
2047
1855
2077
1944
1924
2033
1877
1987
2037
1915
1946
2088
1913
1879
2166
1888
1922
2088
1960
1867
2052
2003
1936
1912
2077
2021
1872
2120
1957
1920
2085
1973
1968
2102
1889
1999
2065
1903
1933
2096
1862
1909
2128
1885
1907
2101
1994
1902
2098
1992
1886
2066
1918
1972
2075
1892
1938
2035
1858
1844
2098
1813
1854
2064
1884
1842
2007
1970
1809
2045
1815
1965
2002
1842
1945
2017
1903
1847
2108
1831
1861
2070
1876
1848
1984
1958
1814
2005
1921
1950
1961
1861
1944
2000
1893
1829
1934
2013
1872
1933
2023
1837
1823
2096
1820
1868
2061
1898
1809
2051
1890
1894
2050
1839
1934
2003
1857
1883
2047
1838
1830
2094
1827
1861
2061
1910
1800
2054
1844
1945
2017
1830
1940
2004
1852
1885
2100
1843
1878
2164
1895
1918
2076
1952
1882
2099
2049
1883
2082
1959
1996
2039
1894
2003
2065
1939
1943
2122
1930
1897
2196
1913
1921
2097
1977
1906
2031
1998
1867
2047
1967
1939
1867
2102
1983
1993
2094
1941
1937
2085
1887
1995
2075
1914
1919
2103
1889
1878
2139
1938
1909
2112
1943
1863
2099
1980
1883
2082
1913
1976
2089
1926
1972
2073
1906
1901
2174
1866
1897
2182
1885
1892
2083
2037
1864
2103
2039
1873
2099
1866
1988
2059
1894
1997
2078
1927
1956
2121
1884
1893
2162
1887
1905
2034
1914
1824
2008
1961
1910
2013
1858
1911
2024
1876
1897
1872
2040
1831
1949
2026
1862
1867
2086
1815
1860
2071
1860
1856
2010
1952
1821
2015
1887
1934
2036
1834
1935
2036
1868
1863
2070
1816
1869
2084
1851
1864
2025
1953
1851
2045
1883
1938
2028
1828
1985
2019
1879
1881
2126
1816
1857
2126
1846
1862
1999
1964
1812
2048
1908
1904
2011
1855
1984
2004
1886
1896
2065
1876
1839
2096
1846
1867
2013
1948
1832
2070
1988
1930
2047
1951
1991
1866
2072
1970
1918
2123
1895
1988
2065
1956
1947
2150
1911
1937
2160
1873
1972
2161
1935
1918
2101
1973
1883
2121
1906
1965
2062
1896
1967
2050
1892
1946
2097
1897
1893
2124
1846
1892
2119
1938
1897
2067
2009
1875
2094
1952
1901
2068
1858
2018
2040
1923
1925
2139
1913
1865
2155
1874
1885
2084
1915
1881
2027
2009
1882
2099
1978
2621
2304
1950
2004
2031
1914
1952
1917
2099
2062
1936
2082
1869
1981
2108
1927
1935
2157
1886
1868
2148
1858
1896
2146
1948
1989
2070
1974
1870
2040
1917
1929
2067
1973
1989
2074
1898
1932
2133
1918
1879
2148
1884
1945
2083
1919
1870
2081
1955
1930
2090
1824
1951
2020
1868
1932
2047
1917
1921
2117
1830
1855
2078
1859
1897
1978
1959
1815
2059
1894
1912
2019
1893
1937
2086
1910
1868
2058
1861
1853
2054
1898
1904
1916
2088
1819
1855
2116
1873
1892
2051
1957
1818
2014
1893
1892
2013
1885
1957
2099
1873
1844
2091
1818
1867
2059
1876
1855
2105
1955
1823
2043
1855
1911
2038
1884
1978
2033
1853
1866
2072
1894
1924
2106
1981
1867
2013
1968
1822
2077
1924
1898
2060
1926
2025
2043
1953
1966
2101
1987
1891
2164
1891
1903
2127
1939
1908
2087
1975
1952
2064
1989
1906
2078
1989
1963
1870
2146
1977
1941
2114
1923
1965
2134
1888
2014
2095
1897
1904
2118
1897
1933
2114
1956
1903
2090
1962
1849
2092
1924
1996
2106
1914
1955
2054
1894
1974
2079
1956
1899
2134
1870
1900
2142
1889
1891
2127
1916
1818
2043
1903
1863
1988
1814
1945
2034
1865
1872
2061
1838
1835
2077
1856
1883
1987
1910
1808
2003
1931
1862
2018
1855
1926
1992
1893
1851
2034
1872
1844
2041
1856
1851
1805
2080
1811
1841
2063
1881
1803
2079
1893
1870
2054
1837
1925
2005
1852
1882
2028
1838
1810
2090
1819
1857
2071
1905
1806
2034
1850
1914
2002
1828
1945
2021
1844
1876
2084
1821
1829
2088
1835
1874
1988
1918
1844
2029
1913
1863
2006
1816
1988
2083
1899
1924
2079
1887
1857
2108
1933
1909
2037
1926
1838
2016
1992
1875
2024
1988
1935
1994
1886
1937
2036
1933
1914
1961
2028
1882
1924
2065
1901
1858
2148
1863
1893
2159
1917
1878
2101
2007
1847
2054
1957
1943
2104
1924
1980
2073
1912
1913
2105
1890
1864
2160
1866
1898
2088
1958
1862
2075
1963
1893
2064
1920
1948
2088
1904
1965
2074
1902
1885
2132
1844
1874
2096
1878
1880
2013
1942
1843
2036
1957
1923
2052
1865
1962
2001
1943
1950
2047
1919
1842
2094
1874
1863
2045
1922
1831
2056
1960
1925
1921
2033
1962
1821
2027
1924
1913
2053
1856
1945
2021
1876
1904
2101
1884
1838
2120
1851
1882
2089
1916
1867
2074
1969
1871
2035
1897
1933
2032
1890
1939
2077
1885
1851
2123
1834
1915
2119
1940
1947
2032
1980
1850
2144
1944
1882
2031
1847
1956
2015
1899
1901
2091
1877
1862
2093
1919
1883
2047
1914
1846
2017
2000
1857
2028
1912
1939
1976
1888
1918
2036
1909
1886
1964
2027
1867
1911
2073
1851
1996
2135
1829
1877
2091
1910
1881
2080
1893
1962
2036
1832
1950
2071
1874
1940
2079
1879
1876
2126
1832
1878
2058
1898
1867
2072
1982
1854
2080
1877
1959
2063
1858
2005
2042
1899
1922
2147
1871
1877
2126
1865
1894
2068
1971
1861
2065
1998
1925
2086
1959
2253
2169
1899
1973
2031
1956
1930
2074
1937
1855
2139
1911
1889
2084
1949
1886
1883
2129
1897
1900
2113
1932
1872
2074
1963
1910
2068
1988
1944
2067
1887
1973
2073
1907
1913
2101
1863
1903
2120
1885
1901
2089
1972
1860
2097
1965
1898
2051
1942
1978
2050
1906
2003
2082
1904
1890
2138
1855
1898
2126
1911
1918
2072
1980
1870
2077
1955
1937
2064
1906
1994
2037
1954
1938
2101
1921
1882
2122
1935
1893
2098
1909
1906
2022
1977
1851
2041
1968
1925
2033
1926
1939
1914
2060
1933
1931
2076
1872
1972
2062
1913
1913
2117
1865
1895
2113
1883
1899
2108
1941
1849
2069
1916
1980
2057
1899
1966
2036
1934
1964
2098
1892
1883
2132
1867
1912
2115
1897
1890
2065
1970
1851
2081
1949
1856
2000
1807
1933
2005
1854
1867
2058
1820
1843
2075
1849
1879
1979
1915
1804
2005
1894
1880
1972
1834
1901
1983
1887
1834
2074
1851
1849
2036
1884
1882
1816
2095
1808
1852
2034
1900
1807
2053
1927
1860
2032
1844
1938
1996
1852
1876
2031
1830
1840
2060
1831
1844
2022
1930
1814
2031
1848
1896
2062
1811
1932
2006
1847
1882
2066
1872
1843
2055
1846
1843
2040
1933
1814
2047
1936
1863
2002
1808
1923
1999
1866
1847
2096
1867
1845
2075
1847
1848
1969
1938
1820
2018
1882
1924
1965
1838
1913
1988
1885
1878
2078
1843
1844
2051
1881
1834
1821
2081
1821
1847
2033
1904
1814
2042
1898
1896
2043
1824
1931
1992
1852
1872
2034
1812
1884
2063
1831
1853
2015
1928
1808
2028
1852
1913
2056
1806
1927
2008
1844
1855
2098
1890
1844
2057
1840
1850
2014
1931
1810
2027
1920
1856
1990
1821
1934
1999
1859
1843
2093
1827
1850
2049
1860
1829
1987
1919
1878
2033
1889
1927
1981
1837
1919
1988
1892
1868
2074
1849
1844
1867
2026
1823
1825
2083
1820
1844
2046
1898
1808
2005
1897
1910
2067
1819
1933
2034
1874
1880
2045
1835
1876
2089
1829
1847
2016
1933
1805
2031
1842
1898
2058
1813
1936
2011
1867
1853
2100
1860
1844
2056
1839
1852
1993
1934
1816
2048
1883
1878
1985
1823
1915
2004
1862
1842
2077
1827
1881
2051
1864
1841
1983
1939
1862
1986
1926
1912
1997
1845
1899
1991
1899
579
708
1772
1668
1653
1835
1697
1715
1845
1645
1720
1878
1707
1641
1880
1666
1652
1832
1739
1676
1850
1651
1749
1865
1679
1650
1882
1670
1648
1834
1741
1665
1841
1629
1666
1907
1657
1646
1883
1679
1651
1830
1740
1679
1831
1647
1740
1854
1663
1641
1878
1714
1650
1862
1756
1665
1805
1652
1726
1842
1698
1651
1911
1666
1652
1795
1744
1668
1795
1669
1718
1842
1726
1647
1871
1673
1647
1653
1889
1674
1644
1847
1706
1723
1835
1657
1723
1845
1728
1652
1886
1674
1655
1837
1732
1674
1862
1652
1756
1902
1662
1647
1892
1672
1650
1842
1737
1670
1851
1645
1751
1861
1662
1642
1898
1672
1646
1830
1742
1691
1838
1632
1737
1857
1662
1645
1898
1718
1657
1816
1773
1686
1806
1655
1722
1848
1703
1639
1894
1705
1686
1775
1750
1658
1817
1674
1726
1878
1712
1633
1888
1671
1669
1634
1882
1666
1655
1834
1741
1668
1863
1637
1743
1854
1699
1633
1878
1665
1664
1833
1744
1667
1859
1637
1740
1855
1681
1634
1884
1670
1657
1829
1743
1668
1836
1634
1752
1855
1666
1645
1899
1673
1656
1831
1761
1663
1855
1674
1760
1839
1692
1629
1907
1676
1672
1813
1763
1693
1835
1654
1743
1838
1703
1630
1894
1699
1669
1778
1762
1657
1811
1714
1709
1845
1715
1631
1754
1841
1675
1633
1888
1659
1668
1820
1736
1660
1857
1629
1757
1851
1671
1633
1902
1656
1672
1818
1758
1657
1855
1636
1751
1842
1672
1635
1905
1680
1674
1817
1756
1658
1821
1633
1751
1845
1678
1632
1887
1670
1670
1814
1750
1662
1809
1647
1737
1842
1689
1631
1900
1661
1666
1812
1740
1658
1845
1662
1718
1832
1711
1643
1889
1665
1657
1789
1753
1661
1815
1678
1704
1705
1844
1645
1731
1826
1658
1647
1888
1669
1653
1839
1741
1670
1843
1660
1730
1875
1659
1647
1875
1667
1691
1835
1728
1669
1845
1643
1742
1861
1658
1646
1887
1673
1658
1855
1742
1671
1829
1633
1735
1856
1661
1675
1932
1669
1660
703
1681
608
1908
1658
1685
1872
1713
1643
1853
1745
1709
1803
1678
1729
1877
1672
1685
1877
1727
1644
1826
1775
1695
1808
1689
1726
1868
1707
1664
1751
1836
1661
1667
1899
1692
1660
1850
1711
1731
1853
1662
1782
1966
1785
1746
2024
1743
1782
1965
1836
1732
1960
1763
1817
1898
1749
1786
1952
1739
1727
1982
1744
1748
1908
1838
1723
1909
1724
1814
1991
1750
1774
1978
1710
1751
1943
1776
1709
1939
1817
1745
1927
1723
1818
1906
1798
1726
1998
1734
1756
1909
1810
1706
1897
1827
1785
1852
1755
1788
1926
1816
1725
1832
1921
1753
1706
1984
1726
1776
1931
1841
1716
1903
1776
1796
1897
1750
1779
1934
1717
1748
1963
1758
1734
1910
1837
1737
1911
1734
1810
1958
1749
1735
1955
1718
1753
1946
1795
1709
1956
1803
1768
1916
1730
1813
1937
1754
1736
1962
1741
1750
1888
1830
1710
1933
1726
1820
1962
1771
1776
1951
1772
1753
1966
1784
1764
1893
1858
1765
1914
1773
1833
1926
1824
1784
1983
1774
1766
1797
1965
1735
1767
1978
1829
1767
1925
1862
1739
1953
1765
1849
1947
1785
1791
1949
1732
1766
1977
1776
1750
1940
1853
1757
1925
1752
1843
1908
1777
1768
2009
1783
1767
1947
1786
1731
1947
1840
1765
1963
1734
1876
1947
1787
1772
2027
1754
1788
1987
1820
1786
1948
1868
1785
1927
1767
1856
1955
1817
1795
2013
1794
1798
1974
1844
1792
1964
1873
1785
1947
1796
1862
1824
2011
1859
1846
1941
1796
1836
1967
1821
1758
2045
1795
1797
1969
1865
1759
1948
1815
1831
1983
1799
1869
1990
1799
1748
2036
1773
1804
2018
1839
1750
1981
1787
1885
1963
1771
1870
1979
1798
1764
2009
1763
1794
1948
1827
1774
1983
1859
1809
1928
1768
1870
1951
1881
1828
2051
1783
1790
1985
1857
1825
1992
1869
1782
1945
1794
1842
1968
1883
1835
2020
1851
1785
2008
1836
1795
1751
2037
1746
1794
2002
1854
1759
1938
1823
1836
1955
1772
1871
1985
1788
1760
2072
1756
1841
2023
1841
1746
1977
1788
1858
1988
1754
1875
2000
1784
1779
2008
1744
1790
1962
1821
1757
1991
1856
1803
1973
1755
1860
1950
1818
1791
2080
1775
1789
1993
1803
1750
2001
1897
1790
1970
1781
1878
1951
1839
1801
1997
1802
1786
1986
1839
1785
1914
1896
1800
1967
1863
1885
1772
1976
1855
1848
1992
1834
1896
1999
1848
1810
2072
1780
1829
2047
1871
1807
2011
1923
1801
1989
1839
1892
1980
1829
1880
2054
1815
1861
2081
1796
1824
1996
1885
1784
2012
1857
1836
1983
1788
1904
2026
1823
1821
2046
1780
1815
2004
1835
1799
1991
1913
1800
1999
1798
1906
1977
1866
1862
2034
1835
1797
2052
1805
1829
1963
1879
1782
1966
1899
1845
1945
1821
1887
1970
1868
1846
1911
1981
1825
1859
2005
1833
1807
2065
1809
1830
2000
1897
1792
1975
1852
1864
1989
1803
1905
2010
1827
1809
2077
1786
1830
2009
1859
1811
2005
1871
1845
1975
1811
1909
1976
1837
1883
2042
1804
1807
2030
1814
1820
1964
1889
1787
2012
1858
1851
1955
1809
1901
1986
1835
1807
2080
1805
1822
2006
1853
1779
1968
1904
1819
1965
1817
1875
1984
1891
1842
2010
1822
1827
1865
1984
1829
1791
2061
1782
1822
2051
1875
1788
1980
1857
1850
2003
1786
1908
2042
1823
1830
2040
1791
1859
2028
1855
1846
1998
1938
1817
1999
1854
1914
2002
1833
1921
2027
1846
1824
2085
1830
1852
2026
1870
1865
2007
1939
1831
2044
1820
1938
1992
1893
1889
2024
1870
1832
2085
1835
1850
2029
1887
1804
1995
1962
1838
2005
1838
1918
1984
1863
1899
1999
1872
1822
1924
2018
1857
1839
2069
1807
1852
2066
1867
1856
2009
1951
1799
2009
1876
1898
2007
1838
1907
2034
1859
1889
2101
1818
1838
2056
1876
1821
2004
1950
1812
2012
1844
1912
2033
1850
1911
2047
1855
1815
2085
1821
1844
2020
1888
1826
2017
1918
1830
2070
1812
1945
2004
1888
1907
2075
1875
1905
2107
1837
1848
2045
1900
1829
1993
1949
1842
2002
1923
1924
1978
1859
1892
2031
1940
1813
1935
2008
1851
1875
2059
1803
1859
2103
1833
1859
2027
1965
1802
2007
1895
1878
2045
1819
1950
2010
1859
1858
2069
1899
1841
2063
1849
1850
2015
1937
1803
2029
1885
1919
2002
1832
1924
2014
1900
1843
2116
1810
1846
2048
1852
1848
1995
1926
1829
2076
1912
1888
1985
1845
1954
2010
1895
1906
2087
1858
1862
2083
1895
1860
2001
1939
1824
2021
1975
1875
2005
1912
1932
1863
2092
1923
1909
2032
1872
1963
2056
1904
1922
2074
1839
1872
2094
1871
1868
2020
1981
1866
2045
1931
1911
2064
1842
1981
2033
1885
1894
2106
1848
1840
2104
1840
1874
2074
1935
1821
2056
1929
1905
2011
1836
1947
2004
1861
1878
2075
1841
1834
2081
1839
1903
2014
1946
1827
2033
1951
1926
2064
1899
1931
2019
1868
1918
2032
1913
1835
2096
1863
1862
2038
1897
1818
2006
1937
1850
1908
2064
1938
1882
2033
1936
1889
2070
1898
1970
2018
1875
1913
2056
1877
1828
2104
1856
1860
2094
1926
1825
2050
1956
1851
2019
1862
1933
2007
1930
1911
2067
1871
1840
2117
1830
1870
2041
1879
1840
2057
1949
1888
2064
1811
1952
2018
1912
1912
2030
1903
1879
2118
1854
1866
2086
1879
1857
1992
1950
1800
1984
1890
1874
1942
1841
1881
2033
1876
1840
2065
1831
1835
1876
2014
1802
1876
2042
1829
1837
2000
1911
1787
1978
1865
1867
1998
1816
1906
2018
1833
1807
2076
1833
1832
2017
1872
1798
2015
1900
1897
2034
1823
1895
1976
1829
1868
2050
1813
1803
2042
1811
1840
1976
1901
1795
2012
1867
1865
1978
1797
1921
1994
1835
1817
2062
1815
1869
2027
1861
1810
1966
1915
1806
2034
1859
1878
1933
1873
1877
1985
1871
1787
2065
1876
1829
1996
1889
1816
1884
2106
1892
1885
2070
1968
1830
2035
1941
1909
2084
1925
1965
2061
1891
1918
2110
1951
1845
2158
1895
1876
2075
1933
1864
2079
1967
1853
2076
1884
1927
2034
1873
1940
2062
1884
1870
2101
1841
1860
2097
1931
1865
2015
1949
1863
2057
1909
1934
2018
1852
1944
2033
1898
1903
2088
1876
1855
2110
1864
1874
2026
1933
1835
2028
1962
1890
2028
1888
1929
2045
1898
1920
1905
2061
1847
1966
2042
1887
1906
2099
1837
1866
2119
1876
1884
2078
1939
1877
2065
1885
1916
2079
1859
1974
2038
1873
1946
2081
1872
1835
2147
1838
1883
2071
1905
1861
2050
1973
1856
2109
1861
1975
2053
1865
1964
2061
1871
1883
2127
1847
1882
2106
1868
1883
2021
1964
1841
2050
1919
1929
2024
1865
1977
2035
1947
1944
2056
1913
1896
2145
1872
1884
2060
1929
1850
2019
1954
1868
1897
2041
1966
1842
2021
1932
1890
2057
1892
1974
2016
1885
1916
2056
1887
1839
2129
1854
1878
2052
1952
1827
2037
1954
1851
2004
1863
1954
2014
1874
1930
2071
1890
1854
2100
1872
1874
2047
1886
1863
2019
1972
1849
2057
1843
1971
2014
1866
1946
2031
1913
1903
2108
1856
1873
2083
1882
1923
1997
1958
1836
2005
1941
1902
1998
1869
1928
2049
1914
1886
2071
1890
1882
1936
2027
1896
1849
2110
1838
1869
2100
1897
1871
2042
1978
1829
2029
1902
1913
2046
1848
1966
2041
1879
1870
2085
1829
1866
2074
1867
1868
2050
1948
1829
2056
1862
1939
2081
1878
1949
2021
1889
1903
2098
1844
1847
2108
1856
1864
2059
1918
1818
2046
1920
1871
2008
1843
1958
2014
1887
1908
2067
1878
1842
2103
1894
1871
2072
1915
1829
2018
1964
1862
2022
1907
1923
1976
1886
1918
1945
2058
1831
1965
2031
1866
1892
2088
1845
1856
2109
1855
1873
2063
1954
1832
2060
1909
1915
2044
1855
1980
2025
1874
1929
2092
1910
1854
2097
1873
1891
2070
1878
1846
2039
1955
1850
2034
1854
1970
2030
1873
1927
2068
1880
1855
2108
1871
1873
2087
2002
1877
2030
1966
1860
2054
1938
1971
2120
1939
1973
2040
1953
1902
2064
1923
1929
2020
1933
1900
2053
1963
1998
1877
2038
1869
1895
2130
1906
1857
2075
1956
1878
2104
1920
1974
2048
1895
2001
2041
1903
1939
2103
1857
1885
2064
1825
1851
2024
1947
1809
2061
1845
1932
2015
1826
1933
2015
1949
1862
2097
1807
1848
2047
1886
1851
2073
1919
1808
2030
1906
1862
1983
1829
1945
2032
1869
1845
2084
1843
1848
2065
1865
1874
1979
1935
1812
2006
1907
1895
1991
1911
1908
1997
1891
1835
1931
2051
1868
1886
2081
1855
1797
2109
1818
1847
2064
1904
1827
2041
1870
1875
2054
1843
1919
1992
1870
1884
2061
1875
1817
2101
1865
1846
2027
1924
1853
2037
1925
1844
2010
1875
1970
2049
1884
1953
2094
1876
1867
2116
1878
1900
2082
1893
1868
2054
1962
1857
2070
1926
1976
2040
1877
1966
2037
1908
1899
2108
1920
1887
2119
1865
1876
2030
1922
1841
2051
1954
1890
1981
1840
1907
1866
2001
1864
1893
1986
1849
1946
2007
1837
1810
2062
1818
1834
2063
1862
1803
2007
1859
1877
1993
1827
1904
1977
1829
1870
2063
1811
1808
2063
1816
1830
2012
1917
1789
2024
1825
1906
2000
1796
1907
1996
1838
1838
2078
1793
1833
2012
1849
1821
1995
1931
1812
2011
1805
1906
1988
1840
1888
2049
1862
1792
2075
1839
1842
1999
1877
1790
1982
1956
1835
1983
1838
1882
1862
2002
1864
1880
1995
1822
1904
1994
1834
1814
2086
1835
1875
2123
1906
1871
2047
1982
1863
2026
1917
1950
2042
1871
1982
2054
1890
1902
2082
1888
1884
2103
1883
1889
2055
1961
1851
2145
1945
1880
2044
1857
1969
2020
1882
1916
2068
1880
1847
2109
1850
1874
2029
1900
1843
2068
1971
1858
2025
1861
1958
2021
1874
1952
2014
1916
1850
2099
1876
1876
2057
1908
1852
1996
1963
1854
1873
2078
1931
1829
2038
1924
1880
2068
1863
1956
2022
1878
1917
2044
1876
1827
2143
1838
1863
2065
1931
1839
2050
1954
1854
2024
1875
1945
2022
1877
1942
2069
1874
1839
2113
1862
1860
2054
1947
1844
2032
1962
1834
2064
1846
1949
2069
1916
1951
2012
1871
1844
2095
1902
1848
2051
1863
1868
1968
1928
1814
2006
1920
1910
2034
1851
1930
1997
1903
1856
2062
1865
1866
1900
2044
1856
1820
2105
1815
1851
2072
1899
1805
2042
1879
1881
2047
1853
1940
2055
1898
1898
2063
1866
1808
2110
1820
1858
2034
1905
1809
2046
1936
1898
2002
1846
1928
2032
1874
1906
2058
1886
1841
2128
1881
1874
2053
1908
1856
2049
1967
1848
2067
1851
1960
2038
1867
1947
2082
1900
1866
2114
1869
1880
2099
1896
1878
2010
1956
1878
2026
1978
1888
2018
1897
1950
2030
1933
1914
1922
2048
1868
1954
2046
1894
1935
2089
1886
1894
2133
1874
1883
2067
1964
1862
2073
1896
1961
2040
1900
1980
2079
1961
1952
2095
1887
1876
2123
1834
1889
2070
1891
1881
2045
1971
1848
2069
1864
1969
2037
1854
1981
2049
1928
1902
2205
1866
1870
2128
1860
1887
2045
1928
1846
2069
1967
1914
2051
1910
1966
2020
1904
1959
2073
1937
1874
2111
1887
1928
2075
1902
1892
1857
2125
1849
1880
2103
1924
1864
2069
1960
1894
2043
1925
1940
2075
1867
1970
2065
1891
1893
2101
1855
1893
2101
1873
1883
2067
1970
1855
2062
1907
1930
2042
1867
1959
2021
1887
1905
2095
1903
1840
2106
1865
1881
2042
1911
1845
2041
1947
1859
2061
1830
1975
2014
1917
1926
2054
1891
1856
2111
1859
1877
2049
1887
1856
1984
1971
1848
2050
1926
1952
2068
1899
1963
2071
1945
1955
1950
2066
1892
1981
2060
1916
1939
2104
1857
1924
2144
1918
1896
2098
1987
1912
2093
1922
1926
2083
1924
1941
2056
1908
1970
2084
1901
1961
2146
1869
1892
2109
1903
1887
2077
1991
1848
2085
1948
1914
2064
1882
1968
2079
1916
1950
2092
1893
1913
2131
1863
1896
2135
1945
1900
2018
1974
1850
2079
1960
1946
2031
1901
1956
2034
1982
1949
2068
1976
1856
2141
1884
1886
1909
2067
1860
1909
2151
1849
1871
2077
1932
1846
2093
1904
1951
2061
1877
2005
2037
1884
1963
2080
1927
1884
2140
1852
1897
2086
1931
1902
2081
1980
1850
2082
1884
1971
2051
1881
2008
2052
1885
1919
2096
1899
1861
2138
1848
1935
2061
1914
1873
2053
1983
1887
2081
1978
1915
2017
1873
1963
2046
1933
1915
2110
1896
1899
2119
1888
1913
2048
1949
1909
2050
1979
1885
2043
1912
1964
1838
2038
1976
1921
2063
1873
1986
2041
1883
1944
2093
1895
1839
2151
1847
1903
2046
1879
1863
2017
1934
1822
1995
1837
1898
1984
1844
1941
2034
1830
1814
2082
1862
1838
2026
1890
1800
2025
1897
1855
1993
1812
1915
1997
1850
1878
2068
1803
1836
2069
1846
1843
1973
1931
1803
2010
1897
1918
1968
1825
1915
1992
1887
1841
2060
1842
1847
2040
1870
1832
1966
1929
1816
1838
2032
1905
1798
1990
1891
1898
2026
1799
1932
2012
1847
1864
2038
1801
1846
2072
1831
1842
2009
1925
1798
1994
1862
1903
2006
1827
1922
2086
1849
1835
2062
1840
1841
2018
1903
1826
2027
1924
1851
2062
1821
1931
2023
1830
1928
2051
1849
1841
2105
1865
1841
2055
1874
1832
2008
1922
1881
2056
1889
1910
1955
1846
1890
1991
1897
1824
2068
1840
1849
2023
1890
1836
1825
2079
1838
1844
2025
1926
1796
2008
1886
1916
2028
1831
1944
2019
1871
1845
2043
1818
1841
2067
1835
1847
2006
1913
1879
1997
1935
1874
2006
1857
1915
2057
1899
1846
2077
1812
1839
2043
1887
1837
2020
1908
1800
2042
1802
1939
1982
1824
1904
2055
1840
1837
2107
1815
1838
2026
1863
1817
2008
1938
1863
1994
1878
1890
1983
1848
1863
2053
1892
1812
2084
1844
1832
2011
1901
1823
1837
2061
1844
1833
2011
1950
1827
2010
1877
1939
2006
1816
1912
2011
1880
1832
2098
1805
1883
2062
1894
1845
1999
1929
1844
1992
1888
1883
1989
1840
1904
2038
1880
1832
2080
1819
1839
2017
1856
1807
2047
1984
1825
2077
1816
1919
2001
1881
1892
768
602
1657
1842
1749
1698
1796
1716
1655
1873
1695
1734
1847
1724
1696
1853
1729
1631
1828
1677
1700
1913
1728
1668
1712
1882
1632
1672
1904
1714
1628
1860
1747
1694
1832
1659
1743
1863
1647
1663
1863
1683
1632
1851
1725
1724
1875
1656
1739
1867
1648
1657
1868
1676
1631
1915
1727
1725
1948
1635
1728
1851
1661
1648
1897
1667
1654
1832
1755
1671
1806
1645
1719
1846
1687
1649
1891
1711
1651
1816
1754
1671
1799
1661
1707
1832
1703
1647
1887
1673
1651
1853
1738
1672
1802
1716
1708
1863
1734
1645
1724
1881
1713
1645
1902
1664
1697
1834
1760
1666
1873
1633
1754
1852
1673
1639
1893
1661
1664
1832
1759
1665
1883
1634
1747
1885
1681
1631
1891
1654
1672
1814
1766
1658
1820
1669
1760
1842
1679
1631
1914
1664
1670
1814
1759
1657
1821
1636
1744
1877
1690
1630
1911
1656
1669
1791
1755
1657
1852
1659
1723
1830
1708
1633
1882
1704
1751
1788
1760
1647
1816
1674
1754
1655
1857
1671
1751
1886
1674
1631
1900
1633
1671
1842
1748
1649
1890
1634
1753
1851
1684
1629
1909
1659
1672
1828
1752
1650
1824
1650
1758
1836
1682
1671
1923
1649
1670
1829
1748
1687
1822
1631
1755
1834
1678
1629
1926
1633
1670
1806
1750
1726
1851
1646
1706
1856
1735
1657
2079
1742
1719
1817
1700
1625
1818
1700
1707
1777
1714
1659
1898
1684
1672
1805
1741
1632
1819
1723
1759
1632
1861
1665
1735
1813
1670
1710
1817
1737
1714
2304
1676
1699
1837
1674
1694
1814
1680
1699
1847
1636
1673
1841
1662
1631
1878
1722
1682
1814
1672
1715
1866
1634
1676
1821
1686
1632
1902
1673
1690
1815
1673
1674
1863
1634
1669
1828
1684
1629
1845
1690
1696
1815
1688
1676
1839
1660
1678
1820
1705
1633
1816
1706
1700
1781
1717
1656
1852
1672
1671
1801
1720
1630
1672
1841
1741
1630
1882
1663
1740
1817
1673
1648
1901
1633
1670
1836
1778
1650
1825
1662
1690
1817
1681
1648
743
1652
563
1858
1662
1697
1861
1670
1662
1919
1678
1666
1848
1750
1674
1839
1649
1712
1891
1688
1644
1897
1674
1709
1831
1717
1672
1831
1644
1709
1846
1698
1645
1866
1679
1667
1865
1732
1675
1820
1682
1691
1876
1816
1735
1981
1777
1775
1914
1843
1734
1928
1828
1759
1705
1889
1775
1804
1962
1731
1802
1925
1759
1709
1945
1750
1748
1911
1825
1706
1902
1795
1801
1890
1750
1767
1934
1711
1764
1989
1758
1721
1926
1810
1741
1912
1710
1785
1902
1756
1704
1986
1708
1757
1901
1761
1726
1956
1720
1793
1910
1749
1756
1926
1725
1746
1941
1794
1729
1889
1813
1730
1932
1733
1796
1898
1789
1729
1953
1753
1749
1898
1802
1710
1890
1814
1812
1751
1909
1759
1770
1917
1722
1780
1955
1748
1717
1967
1708
1747
1913
1791
1708
1892
1767
1784
1890
1754
1773
1925
1719
1757
1926
1766
1713
1928
1808
1741
1916
1710
1780
1917
1790
1714
2021
1724
1769
1921
1777
1731
1960
1779
1799
1923
1787
1773
1947
1765
1739
1984
1767
1765
1900
1810
1726
1928
1792
1782
1879
1881
1768
1934
1765
1781
1966
1763
1756
1894
1808
1750
1766
1909
1788
1771
1948
1770
1793
1909
1776
1779
1939
1730
1767
1939
1778
1728
2038
1816
1795
1984
1732
1863
1934
1815
1801
1972
1744
1799
1977
1797
1746
1964
1847
1775
1939
1780
1864
1928
1790
1776
1972
1754
1800
1956
1817
1761
1980
1807
1805
1948
1755
1867
1938
1812
1824
2022
1771
1791
1962
1823
1758
1947
1853
1787
1944
1792
1851
1948
1843
1798
1954
1803
1792
1945
1819
1771
1779
1970
1885
1864
2041
1834
1749
1948
1815
1827
1964
1801
1810
1966
1769
1764
1994
1777
1787
1955
1855
1756
1979
1795
1818
1941
1795
1835
2001
1783
1765
2025
1774
1790
1968
1832
1748
1976
1753
1848
1963
1793
1820
1997
1787
1760
2018
1786
1795
1979
1854
1746
1975
1816
1787
1911
1786
1787
1955
1795
1765
2011
1783
1785
1925
1906
1740
1935
1858
1816
1894
1799
1787
1813
1955
1770
1824
1969
1785
1756
2040
1755
1790
1975
1795
1758
1955
1794
1802
1953
1771
1816
1978
1785
1754
2039
1745
1793
1965
1816
1761
1974
1775
1906
1951
1772
1849
1981
1788
1755
2040
1785
1796
1947
1849
1753
1977
1804
1810
1936
1832
1888
1974
1834
1804
2017
1787
1857
2022
1859
1816
2022
1916
1803
1984
1823
1833
1963
1863
1835
1990
1847
1812
1989
1834
1862
1981
1908
1811
1825
2019
1848
1785
1997
1852
1854
2073
1799
1879
1973
1821
1821
1993
1787
1817
1987
1823
1810
1979
1891
1778
1974
1857
1832
1973
1817
1844
2023
1809
1796
2083
1803
1819
2045
1871
1789
2004
1870
1828
1978
1801
1857
1978
1827
1801
2081
1782
1825
2005
1857
1803
1989
1901
1805
2001
1842
1893
1966
1869
1841
2002
1842
1797
2033
1833
1864
1972
1886
1783
1972
1861
1831
1779
2033
1873
1895
2025
1804
1860
1972
1819
1825
1989
1787
1820
2002
1818
1826
1964
1874
1808
1981
1822
1835
1967
1821
1840
2025
1802
1794
2058
1810
1829
2029
1865
1784
2006
1815
1894
1985
1776
1899
1979
1820
1804
2040
1837
1842
2016
1841
1799
1986
1889
1806
1995
1793
1857
1970
1833
1837
2018
1813
1820
2004
1809
1823
1946
1899
1788
1972
1855
1871
1936
1822
1862
1988
1867
1804
1914
1980
1852
1848
2011
1812
1848
2020
1846
1854
2002
1906
1819
1994
1853
1860
1992
1893
1874
2029
1858
1825
2077
1878
1853
2019
1869
1840
2016
1934
1832
2018
1846
1909
2019
1866
1906
2034
1855
1814
2075
1818
1849
2002
1881
1814
2026
1880
1921
2033
1816
1905
1984
1924
1863
2034
1853
1846
2070
1832
1848
2050
1914
1820
1985
1961
1850
1989
1849
1879
1996
1918
1866
1916
2035
1836
1879
2088
1876
1859
2068
1824
1855
2025
1856
1834
2052
1920
1808
2009
1870
1855
1999
1859
1860
2050
1891
1831
2072
1860
1843
2045
1865
1805
2027
1929
1829
2009
1842
1912
2000
1851
1902
2061
1851
1812
2102
1814
1855
2037
1913
1853
2081
1956
1879
2029
1832
1941
2007
1900
1901
2036
1887
1816
2139
1844
1878
2034
1899
1830
1994
1942
1857
2000
1882
1967
1968
1861
1967
1904
2078
1844
1931
2087
1871
1883
2035
1859
1831
2064
1842
1848
2042
1929
1811
2071
1934
1888
2041
1835
1922
2003
1919
1875
2106
1855
1834
2096
1879
1867
2034
1923
1833
2094
1932
1875
2014
1868
1944
2009
1867
1924
2067
1875
1821
2128
1834
1855
2017
1960
1824
2036
1956
1895
2043
1859
1946
2023
1870
1922
2032
1919
1882
2118
1876
1872
2060
1896
1853
1994
1987
1842
1863
2076
1912
1854
2022
1917
1884
2038
1852
1935
2038
1855
1920
2029
1872
1828
2118
1853
1876
2071
1896
1806
2030
1914
1834
2005
1881
1936
2033
1882
1895
2078
1852
1809
2105
1811
1844
2022
1889
1812
2038
1895
1862
2043
1826
1940
1995
1877
1882
2119
1838
1865
2092
1820
1867
2093
1915
1833
2036
1959
1868
2019
1872
1951
2089
1888
1921
2041
1916
1884
2125
1869
1863
2071
1893
1842
1887
2123
1842
1863
2078
1930
1822
2058
1913
1892
2056
1863
1948
2038
1869
1925
2094
1905
1835
2104
1856
1865
2032
1901
1835
2050
1943
1861
2013
1878
1939
2048
1870
1951
2056
1927
1854
2097
1835
1866
2062
1888
1899
2031
1969
1886
2072
1913
1905
2004
1907
1960
2030
1922
1909
2117
1932
1881
2106
1879
1897
2045
1950
1851
2018
2031
1898
2064
1932
1966
1998
1907
1980
1899
2078
1924
1981
2050
1892
1937
2056
1894
1916
2144
1877
1884
2113
1916
1889
2047
2002
1896
2053
1937
1926
2078
1875
1982
2049
1936
1928
2131
1895
1870
2155
1866
1895
2088
1930
1857
2081
1992
1869
2097
1881
1987
2084
1886
1973
2076
1904
1903
2141
1872
1884
2131
1901
1907
2055
1947
1852
2063
1993
1886
2041
1919
1981
2067
1904
1977
2048
1950
1885
2133
1917
1925
1958
2066
1895
1879
2137
1852
1923
2189
1905
1906
2074
2002
1905
2056
1929
1923
2121
1871
1988
2000
1864
1902
2075
1936
1833
2095
1841
1863
2037
1907
1817
2094
1945
1851
2002
1847
1946
2002
1895
1897
2062
1857
1822
2102
1840
1859
2012
1901
1902
2048
1933
1854
2058
1828
1941
2052
1916
1917
2033
1885
1818
2141
1847
1876
2041
1905
1826
1989
1968
1848
2001
1893
1941
2038
1860
1930
1864
2042
1833
1962
1998
1873
1890
2039
1840
1837
2096
1840
1854
2040
1930
1822
2083
1883
1903
2051
1832
1932
2049
1857
1873
2053
1844
1838
2064
1855
1946
2094
1959
1877
2097
1968
1911
2064
1916
1972
2055
1912
1983
2091
1912
1916
2150
1903
1918
2132
1917
1919
2046
1971
1879
2076
2012
1905
2064
1906
1983
2039
1907
1995
2072
1950
1909
2112
1904
1897
2129
1953
1898
1881
2100
1824
1855
2109
1870
1851
2039
1936
1817
2016
1881
1892
2006
1859
1957
2044
1867
1843
2090
1822
1857
2047
1876
1844
2019
1949
1847
2011
1868
1904
2011
1859
1930
2045
1860
1838
2088
1819
1860
2043
1870
1838
2041
1946
1835
2050
1832
1957
2007
1857
1925
2027
1879
1834
2111
1840
1866
2046
1894
1838
1999
1947
1839
2001
1916
1925
1965
1863
1897
2022
1937
1839
2110
1880
1856
1894
2062
1846
1834
2110
1838
1862
2072
1926
1854
2115
1928
1918
2069
1887
1964
2040
1949
1949
2098
1890
1886
2130
1837
1887
2078
1896
1894
2072
1956
1849
2083
1876
1960
2039
1836
1987
2067
1863
1902
2100
1847
1857
2116
1882
1882
1985
1892
1796
2026
1889
1845
1972
1815
1912
1972
1854
1839
2056
1824
1834
2034
1850
1832
1974
1925
1806
1982
1878
1889
1941
1845
1917
1842
2019
1796
1933
2006
1833
1855
2041
1795
1833
2055
1835
1841
1980
1938
1844
1986
1868
1872
1990
1823
1887
2017
1839
1851
2064
1798
1834
2026
1865
1811
2005
1904
1855
2022
1825
1912
1980
1841
1873
2055
1825
1807
2076
1818
1834
1987
1892
1799
2034
1892
1845
1968
1807
1911
1984
1862
1831
2066
1863
1878
2105
1906
1873
2053
1966
1835
2031
1984
1890
2041
1925
1907
2049
1908
1924
1931
2062
1869
1990
2059
1883
1919
2117
1867
1875
2114
1859
1893
2096
1958
1846
2062
1886
1924
2032
1834
1932
2075
1875
1917
2082
1912
1851
2115
1834
1900
2045
1900
1849
2045
1957
1866
2039
1854
1967
2061
1870
1948
2057
1874
1864
2135
1878
1876
2072
1909
1869
2033
1956
1837
2043
1942
1914
2007
1850
1979
2003
1917
1903
2077
1909
1861
2092
1921
1917
2042
1918
1838
1872
2131
1868
1881
2152
1952
1833
2019
1917
1905
2052
1832
1968
2011
1867
1886
2044
1836
1863
2072
1856
1868
2048
1940
1827
2059
1880
1936
2034
1848
1958
2024
1874
1893
2094
1859
1854
2121
1850
1873
2023
1933
1830
2049
1919
1886
2016
1933
1951
2014
1905
1927
2043
1895
1841
2118
1883
1878
2051
1915
1847
2014
1970
1862
2011
1927
1934
1966
1869
1929
2026
1913
1841
2106
1869
1877
1895
2053
1850
1843
2107
1839
1890
2081
1906
1821
2086
1940
1910
2071
1893
1954
2039
1884
1925
2103
1891
1861
2130
1894
1899
2078
1943
1884
2051
1990
1837
2085
1892
1959
2053
1884
1964
2042
1894
1910
2112
1872
1860
2129
1888
1880
2054
1944
1847
2077
1973
1861
2063
1869
1993
2068
1884
1950
2042
1923
1866
2115
1897
1884
2098
1903
1893
2025
1980
1842
2040
1977
1930
1879
2096
1930
1926
2060
1935
1952
2066
1863
2001
2047
1888
1934
2078
1857
1880
2135
1861
1900
2085
1940
1860
2083
1929
2002
2070
1889
1954
2047
1889
1974
2099
1893
1920
2117
1928
1927
2127
1874
1898
2059
1944
1866
2087
1948
1907
2051
1874
1988
2031
1906
1939
2092
1898
1880
2140
1871
1899
2094
1923
1920
2028
1967
1865
2046
1940
1955
2079
1919
1968
2031
1950
1918
1941
2044
1877
1977
2049
1890
1901
2088
1855
1906
2112
1879
1896
2102
1986
1845
2103
1967
1931
2041
1887
1960
2073
1889
1931
2080
1897
1874
2124
1867
1879
2062
1885
1864
2035
1961
1842
2095
1941
1972
2044
1863
1985
2117
1916
1921
2120
1880
1882
2137
1884
1903
2048
1931
1850
2060
1995
1886
2065
1880
1993
2038
1889
1978
2041
1976
1890
2122
1906
1897
2131
1896
1902
2043
1992
1866
1899
2155
1923
1903
2079
1989
1860
2041
1953
1915
2187
1884
1997
2056
1899
1957
2092
1900
1988
2138
1897
1908
2101
1894
1897
2052
2012
1856
2084
1882
1946
2048
1849
1976
2038
1902
1913
2115
1886
1854
2092
1825
1850
2029
1909
1803
2034
1902
1871
2050
1806
1960
1999
1867
1872
2064
1888
1829
2074
1855
1864
2005
1917
1806
2055
1936
1901
1993
1920
1919
2014
1867
1881
1882
2010
1835
1949
2036
1892
1845
2084
1809
1849
2072
1869
1865
2052
1931
1850
2019
1867
1888
2007
1851
1916
2036
1853
1832
2079
1809
1847
2066
1889
1877
2012
1950
1818
2006
1837
1913
2017
1893
1909
2043
1864
1851
2085
1808
1869
2027
1875
1818
2021
1932
1829
2025
1821
1957
2040
1849
1909
2023
1877
1830
2102
1858
1841
2072
1890
1823
1974
1943
1861
2026
1882
1933
1954
1851
1900
1871
2037
1808
1964
2061
1851
1869
2087
1820
1841
2068
1863
1849
2043
1909
1808
2033
1877
1884
2021
1857
1935
2078
1845
1853
2069
1829
1853
2066
1848
1883
2023
1936
1848
2033
1835
1972
2018
1853
1948
1993
1855
1862
2084
1810
1926
2084
1890
1854
2009
1943
1805
2022
1896
1878
2026
1826
1933
1987
1874
1846
2075
1851
1895
2071
1843
1852
1979
1927
1803
2026
1919
1871
1801
2011
1916
1870
2032
1839
1923
2061
1855
1916
2008
1850
1809
2075
1813
1849
2088
1897
1809
2065
1875
1895
2017
1841
1938
2016
1851
1889
2086
1843
1819
2097
1867
1847
2017
1895
1805
2036
1892
1863
2041
1894
1925
2015
1848
1877
2070
1822
1830
2074
1862
1869
1988
1932
1809
2023
1923
1862
1995
1828
1931
1993
1881
1857
2045
1852
1847
2063
1924
1847
1980
1917
546
696
1717
1630
1758
1840
1678
1645
1892
1654
1671
1811
1758
1652
1855
1641
1750
1849
1680
1627
1895
1660
1670
1816
1741
1660
1838
1632
1748
1845
1672
1632
1909
1692
1678
1826
1759
1656
1822
1635
1762
1837
1678
1632
1916
1664
1672
1816
1755
1657
1825
1633
1739
1828
1689
1644
1893
1662
1664
1806
1737
1661
1836
1659
1708
1832
1717
1629
1901
1668
1674
1774
1747
1683
1817
1674
1686
1731
1880
1635
1739
1832
1671
1632
1908
1659
1655
1829
1757
1661
1857
1636
1744
1857
1673
1672
1882
1662
1661
1849
1750
1653
1840
1672
1745
1879
1703
1630
1895
1691
1670
1811
1746
1666
1840
1663
1754
1849
1704
1629
1913
1663
1708
1884
1753
1665
1933
1747
1732
1912
1702
1733
1900
1754
1725
1882
1738
1715
1870
1722
1715
1811
1706
1746
1892
1698
1752
1858
1730
1693
1906
1751
1720
1682
1899
1697
1718
1922
1717
1749
1967
1720
1716
1905
1705
1758
1894
1766
1689
1888
1717
1756
1911
1720
1725
1889
1671
1713
1923
1719
1726
1884
1762
1742
1870
1729
1751
1903
1715
1719
1923
1696
1682
1935
1746
1728
1838
1737
1757
1871
1677
1706
1933
1667
1662
1893
1768
1660
1817
1659
1720
1872
1702
1633
1899
1704
1673
1775
1757
1689
1871
1698
1754
1886
1728
1714
1728
1889
1742
1667
1902
1707
1703
1891
1750
1740
1900
1719
1749
1868
1673
1732
1902
1702
1760
1915
1745
1740
1914
1744
1730
1925
1753
1747
1897
1687
1661
1929
1742
1745
1932
1738
1731
1886
1686
1751
1920
1749
1741
1904
1711
1728
1874
1724
1666
1913
1743
1726
1905
1731
1735
1910
1720
1715
1910
1731
1678
1887
1734
1732
1881
1752
1734
1887
1736
1714
1920
1731
1735
1888
1737
1715
1710
1892
1756
1683
1871
1733
1741
1912
1772
1662
1918
1654
1701
1922
1739
1694
1890
1714
1750
1868
1711
1758
1909
1686
1722
1867
1739
1697
1890
1745
1716
1891
1733
1754
1851
1686
1696
1920
1699
1749
1929
1748
1714
1874
1679
1750
1878
1712
1749
1913
567
1619
775
1727
1766
1852
1741
1753
1918
1736
1701
1900
1751
1715
1877
1783
1744
1852
1772
1719
1933
1744
1720
1756
1938
1781
1740
1920
1718
1728
1949
1771
1722
1917
1731
1759
1924
1754
1721
1915
1728
1731
1932
1872
1768
2011
1855
1834
2022
1809
1841
2007
1853
1825
1967
1802
1841
1998
1801
1794
1992
1840
1808
2000
1838
1833
1986
1816
1821
2000
1810
1845
1999
1817
1759
1981
1839
1833
1977
1859
1783
1973
1760
1788
1930
1748
1750
1950
1748
1727
1873
1833
1735
1891
1795
1841
1779
1956
1750
1828
1895
1778
1809
1982
1734
1751
1950
1830
1774
1985
1816
1805
1993
1813
1826
1975
1815
1832
1970
1724
1834
1977
1813
1761
1894
1852
1750
1898
1737
1835
1934
1764
1754
1974
1718
1750
1916
1780
1710
1931
1804
1756
1889
1791
1813
1913
1769
1727
1983
1763
1753
1894
1806
1708
1911
1784
1815
1882
1749
1715
1984
1817
1735
1974
1775
1835
1996
1844
1820
1979
1861
1836
1771
2005
1845
1850
1976
1849
1845
2037
1852
1860
2039
1834
1852
2018
1843
1842
1991
1873
1866
1997
1821
1867
2025
1857
1856
2041
1819
1823
2012
1774
1773
1945
1802
1776
1951
1743
1852
1950
1753
1844
1948
1784
1788
2017
1726
1771
1917
1848
1739
1966
1854
1819
1914
1782
1834
1960
1808
1753
2029
1818
1807
1930
1845
1754
1932
1843
1848
1937
1792
1826
1951
1833
1760
1884
1957
1796
1782
2023
1757
1794
2013
1817
1748
1979
1830
1856
1996
1768
1887
1939
1804
1801
2000
1756
1802
1993
1815
1780
1958
1884
1788
1950
1785
1888
1940
1796
1819
2028
1757
1796
2025
1842
1790
1944
1895
1851
1975
1753
1892
1945
1808
1848
2015
1835
1819
2027
1769
1792
1928
1872
1753
1980
1836
1827
1912
1785
1866
1976
1839
1763
2015
1833
1790
1956
1845
1752
1941
1880
1818
1747
1998
1842
1806
1985
1776
1869
1944
1789
1788
2007
1756
1788
1993
1854
1775
1967
1871
1770
1957
1784
1876
1941
1806
1808
2018
1795
1812
2002
1822
1775
1959
1876
1803
1951
1778
1871
1935
1812
1823
2016
1806
1806
2026
1779
1788
1964
1859
1744
1973
1763
1853
1952
1836
1832
2004
1809
1762
2023
1797
1811
1924
1857
1747
1939
1859
1853
1904
1792
1839
1946
1833
1761
1876
2006
1813
1802
2048
1789
1814
2052
1876
1789
1985
1856
1848
1985
1808
1895
1992
1843
1859
2044
1847
1804
2060
1822
1833
2005
1893
1794
2018
1827
1902
2035
1797
1923
2070
1886
1847
2067
1790
1825
2045
1830
1834
2019
1927
1777
2005
1789
1906
1972
1827
1882
1997
1843
1781
2071
1939
1825
2015
1864
1791
1995
1934
1812
1979
1826
1876
1981
1863
1846
1994
1825
1825
2023
1869
1819
1823
2039
1787
1819
2043
1858
1785
1992
1848
1851
2014
1854
1907
1970
1832
1842
2009
1781
1817
2021
1832
1809
2005
1918
1781
1981
1874
1884
1979
1827
1883
2025
1825
1773
2059
1800
1817
1989
1877
1776
2015
1909
1872
1974
1782
1939
1985
1831
1827
2055
1797
1817
2053
1829
1815
1943
1911
1776
1989
1859
1880
1937
1832
1858
2024
1860
1774
2040
1866
1816
1985
1873
1779
1821
2048
1833
1807
1988
1865
1867
2027
1883
1883
1967
1824
1867
2024
1819
1782
2057
1794
1852
2011
1875
1784
2025
1825
1874
2024
1784
1904
1993
1834
1853
2071
1798
1845
2045
1860
1851
2007
1951
1810
2040
1825
1930
2038
1889
1927
2081
1850
1878
2119
1803
1847
2051
1852
1844
2002
1932
1815
2013
1885
1915
1961
1846
1926
1989
1883
1826
2069
1846
1852
2054
1911
1831
2055
1939
1912
1883
2117
1911
1884
2061
1947
1905
2062
1859
1914
1991
1855
1902
2043
1854
1830
2087
1825
1855
2035
1894
1816
2032
1936
1873
1999
1847
1934
1996
1917
1892
2116
1895
1825
2091
1831
1864
2071
1882
1824
2018
1930
1841
2057
1822
1941
2053
1858
1922
2015
1866
1807
2087
1834
1887
2025
1892
1814
2004
1961
1835
1991
1850
1906
1993
1871
1888
2005
1874
1829
2064
1860
1884
1844
2057
1814
1840
2066
1862
1841
2007
1939
1838
2002
1874
1875
2001
1867
1896
2038
1847
1854
2087
1808
1849
2031
1878
1836
2029
1920
1847
1999
1848
1926
1990
1852
1915
2046
1841
1818
2098
1821
1850
2024
1929
1818
2024
1921
1849
2014
1800
1948
1988
1860
1900
2040
1848
1831
2085
1840
1874
2021
1905
1836
2021
1979
1863
2016
1868
1950
2012
1925
1853
2109
1905
1836
1939
2044
1876
1883
2071
1859
1849
2098
1886
1869
2052
1935
1843
2041
1920
1896
2063
1862
1958
2029
1873
1937
2060
1869
1846
2116
1846
1882
2047
1926
1871
2064
1936
1899
2020
1869
1941
2022
1864
1925
2081
1879
1832
2102
1828
1865
2028
1914
1830
2033
1956
1847
2029
1834
1927
2018
1939
1954
2064
1890
1853
2114
1847
1883
2066
1932
1903
1986
1938
1833
2011
1928
1899
1988
1925
1953
1858
2056
1861
1946
2010
1908
1920
2057
1868
1854
2124
1845
1879
2092
1896
1867
2041
1975
1852
2029
1902
1915
2042
1865
1955
2056
1883
1870
2099
1839
1867
2081
1872
1876
2047
1975
1871
2066
1855
1991
2089
1855
1965
2031
1897
1929
2114
1869
1892
2119
1840
1864
2027
1909
1838
2044
1961
1873
2035
1865
1958
2021
1878
1918
2033
1921
1846
2064
1834
1836
1985
1887
1791
1832
2070
1829
1834
2004
1916
1791
2018
1872
1882
1995
1821
1906
2021
1836
1813
2081
1798
1837
2029
1869
1791
2025
1918
1819
1995
1825
1915
1976
1843
1866
2054
1813
1812
2072
1820
1848
1988
1915
1792
2043
1915
1908
1993
1793
1935
1991
1834
1847
2093
1791
1838
2039
1842
1827
1957
1993
1797
2002
1877
1875
1956
1862
1898
1974
1875
1806
2050
1874
1843
2001
1871
1797
1979
1921
1820
1834
1996
1922
1787
1995
1884
1926
2070
1880
1980
2053
1890
1892
2061
1852
1875
2076
1883
1881
2049
1967
1846
2070
1890
1956
2050
1874
1965
2027
1889
1932
2097
1882
1845
2112
1855
1877
2040
1934
1836
2067
1948
1869
2077
1849
1962
2012
1896
1942
2074
1936
1850
2106
1845
1872
2059
1896
1851
1993
1965
1838
2022
1932
1980
2038
1866
1960
1995
1928
1883
2066
1876
1875
1898
2085
1932
1858
2102
1842
1912
2110
1893
1870
2046
1986
1828
2028
1908
1902
2048
1870
1956
2065
1887
1882
2083
1848
1871
2090
1963
1920
2074
1958
1838
2075
1954
1874
2037
1873
1964
2036
1989
1925
2113
1996
1900
2087
1844
1841
2049
1898
1859
2036
1970
1886
2053
1942
1897
2018
1871
1975
2058
1934
1882
2109
1872
1879
2107
1882
1886
2065
1943
1847
2030
1995
1877
2034
1923
1953
1847
2043
1922
1900
2071
1844
1999
2051
1881
1944
2069
1861
1862
2105
1853
1894
2072
1959
1845
2067
1910
1960
2033
1900
1953
2025
1879
1951
2074
1874
1854
2132
1831
1903
2075
1916
1902
2029
1959
1960
